00100000011001010000000000011011
00000000011001010001100000100000
00100100010000111000000000011011
00000000011000100001100000100100
00000000011000100001100000100100
00110000011000100000000000010001
00000000011000100001100000100101
00110100010000100000000000000100
00000000011000100001100000100110
00111000010000100000000000000100
00000000011000100100000000001010
01110000000000000000000000100000
00000000010000000000000000010011
00000000010000000000000000010001
00000000011000100001100000100111
01110000101000100011100000000010
00000000000000000000110000010010
00000000000000000000110000010000
00111100011001000000000000000100
00000000100000100001100000100011
00000000001000100000000000011001
10101100000010000000000000001100
10001100000001110000000000001100
00001000000000000000000000000001
00000000100000100001100000100011
10001100000001110000000000000011
00000000100000100001100000100011
00000000100000100001100000100011
